0	0
0.007055332	5.72E+26
0.014110664	8.09E+26
0.021165996	9.91E+26
0.028221327	1.14E+27
0.035276659	1.28E+27
0.042331991	1.40E+27
0.049387323	1.51E+27
0.056442655	1.62E+27
0.063497987	1.72E+27
0.070553319	1.81E+27
0.077608651	1.90E+27
0.084663982	1.98E+27
0.091719314	2.06E+27
0.098774646	2.14E+27
0.105829978	2.22E+27
0.11288531	2.29E+27
0.119940642	2.36E+27
0.126995974	2.43E+27
0.134051306	2.49E+27
0.141106637	2.56E+27
0.148161969	2.62E+27
0.155217301	2.68E+27
0.162272633	2.74E+27
0.169327965	2.80E+27
0.176383297	2.86E+27
0.183438629	2.92E+27
0.190493961	2.97E+27
0.197549292	3.03E+27
0.204604624	3.08E+27
0.211659956	3.13E+27
0.218715288	3.19E+27
0.22577062	3.24E+27
0.232825952	3.29E+27
0.239881284	3.34E+27
0.246936616	3.39E+27
0.253991947	3.43E+27
0.261047279	3.48E+27
0.268102611	3.53E+27
0.275157943	3.57E+27
0.282213275	3.62E+27
0.289268607	3.66E+27
0.296323939	3.71E+27
0.303379271	3.75E+27
0.310434602	3.80E+27
0.317489934	3.84E+27
0.324545266	3.88E+27
0.331600598	3.92E+27
0.33865593	3.96E+27
0.345711262	4.01E+27
0.352766594	4.05E+27
0.359821926	4.09E+27
0.366877257	4.13E+27
0.373932589	4.17E+27
0.380987921	4.20E+27
0.388043253	4.24E+27
0.395098585	4.28E+27
0.402153917	4.32E+27
0.409209249	4.36E+27
0.416264581	4.40E+27
0.423319912	4.43E+27
0.430375244	4.47E+27
0.437430576	4.51E+27
0.444485908	4.54E+27
0.45154124	4.58E+27
0.458596572	4.61E+27
0.465651904	4.65E+27
0.472707236	4.68E+27
0.479762567	4.72E+27
0.486817899	4.75E+27
0.493873231	4.79E+27
0.500928563	4.82E+27
0.507983895	4.86E+27
0.515039227	4.89E+27
0.522094559	4.92E+27
0.529149891	4.96E+27
0.536205222	4.99E+27
0.543260554	5.02E+27
0.550315886	5.05E+27
0.557371218	5.09E+27
0.56442655	5.12E+27
0.571481882	5.15E+27
0.578537214	5.18E+27
0.585592545	5.21E+27
0.592647877	5.24E+27
0.599703209	5.28E+27
0.606758541	5.31E+27
0.613813873	5.34E+27
0.620869205	5.37E+27
0.627924537	5.40E+27
0.634979869	5.43E+27
0.6420352	5.46E+27
0.649090532	5.49E+27
0.656145864	5.52E+27
0.663201196	5.55E+27
0.670256528	5.58E+27
0.67731186	5.61E+27
0.684367192	5.64E+27
0.691422524	5.66E+27
0.698477855	5.69E+27
0.705533187	5.72E+27
0.712588519	5.75E+27
0.719643851	5.78E+27
0.726699183	5.81E+27
0.733754515	5.84E+27
0.740809847	5.86E+27
0.747865179	5.89E+27
0.75492051	5.92E+27
0.761975842	5.95E+27
0.769031174	5.97E+27
0.776086506	6.00E+27
0.783141838	6.03E+27
0.79019717	6.06E+27
0.797252502	6.08E+27
0.804307834	6.11E+27
0.811363165	6.14E+27
0.818418497	6.16E+27
0.825473829	6.19E+27
0.832529161	6.22E+27
0.839584493	6.24E+27
0.846639825	6.27E+27
0.853695157	6.29E+27
0.860750489	6.32E+27
0.86780582	6.35E+27
0.874861152	6.37E+27
0.881916484	6.40E+27
0.888971816	6.42E+27
0.896027148	6.45E+27
0.90308248	6.47E+27
0.910137812	6.50E+27
0.917193144	6.52E+27
0.924248475	6.55E+27
0.931303807	6.57E+27
0.938359139	6.60E+27
0.945414471	6.62E+27
0.952469803	6.65E+27
0.959525135	6.67E+27
0.966580467	6.70E+27
0.973635799	6.72E+27
0.98069113	6.75E+27
0.987746462	6.77E+27
0.994801794	6.79E+27
1.001857126	6.82E+27
1.008912458	6.84E+27
1.01596779	6.87E+27
1.023023122	6.89E+27
1.030078454	6.91E+27
1.037133785	6.94E+27
1.044189117	6.96E+27
1.051244449	6.98E+27
1.058299781	7.01E+27
1.065355113	7.03E+27
1.072410445	7.05E+27
1.079465777	7.08E+27
1.086521109	7.10E+27
1.09357644	7.12E+27
1.100631772	7.15E+27
1.107687104	7.17E+27
1.114742436	7.19E+27
1.121797768	7.22E+27
1.1288531	7.24E+27
1.135908432	7.26E+27
1.142963764	7.28E+27
1.150019095	7.31E+27
1.157074427	7.33E+27
1.164129759	7.35E+27
1.171185091	7.37E+27
1.178240423	7.39E+27
1.185295755	7.42E+27
1.192351087	7.44E+27
1.199406418	7.46E+27
1.20646175	7.48E+27
1.213517082	7.50E+27
1.220572414	7.53E+27
1.227627746	7.55E+27
1.234683078	7.57E+27
1.24173841	7.59E+27
1.248793742	7.61E+27
1.255849073	7.63E+27
1.262904405	7.66E+27
1.269959737	7.68E+27
1.277015069	7.70E+27
1.284070401	7.72E+27
1.291125733	7.74E+27
1.298181065	7.76E+27
1.305236397	7.78E+27
1.312291728	7.80E+27
1.31934706	7.82E+27
1.326402392	7.85E+27
1.333457724	7.87E+27
1.340513056	7.89E+27
1.347568388	7.91E+27
1.35462372	7.93E+27
1.361679052	7.95E+27
1.368734383	7.97E+27
1.375789715	7.99E+27
1.382845047	8.01E+27
1.389900379	8.03E+27
1.396955711	8.05E+27
1.404011043	8.07E+27
1.411066375	8.09E+27
1.418121707	8.11E+27
1.425177038	8.13E+27
1.43223237	8.15E+27
1.439287702	8.17E+27
1.446343034	8.19E+27
1.453398366	8.21E+27
1.460453698	8.23E+27
1.46750903	8.25E+27
1.474564362	8.27E+27
1.481619693	8.29E+27
1.488675025	8.31E+27
1.495730357	8.33E+27
1.502785689	8.35E+27
1.509841021	8.37E+27
1.516896353	8.39E+27
1.523951685	8.41E+27
1.531007017	8.43E+27
1.538062348	8.45E+27
1.54511768	8.47E+27
1.552173012	8.49E+27
1.559228344	8.51E+27
1.566283676	8.53E+27
1.573339008	8.54E+27
1.58039434	8.56E+27
1.587449672	8.58E+27
1.594505003	8.60E+27
1.601560335	8.62E+27
1.608615667	8.64E+27
1.615670999	8.66E+27
1.622726331	8.68E+27
1.629781663	8.70E+27
1.636836995	8.72E+27
1.643892327	8.73E+27
1.650947658	8.75E+27
1.65800299	8.77E+27
1.665058322	8.79E+27
1.672113654	8.81E+27
1.679168986	8.83E+27
1.686224318	8.85E+27
1.69327965	8.86E+27
1.700334982	8.88E+27
1.707390313	8.90E+27
1.714445645	8.92E+27
1.721500977	8.94E+27
1.728556309	8.96E+27
1.735611641	8.97E+27
1.742666973	8.99E+27
1.749722305	9.01E+27
1.756777636	9.03E+27
1.763832968	9.05E+27
1.7708883	9.07E+27
1.777943632	9.08E+27
1.784998964	9.10E+27
1.792054296	9.12E+27
1.799109628	9.14E+27
1.80616496	9.16E+27
1.813220291	9.17E+27
1.820275623	9.19E+27
1.827330955	9.21E+27
1.834386287	9.23E+27
1.841441619	9.24E+27
1.848496951	9.26E+27
1.855552283	9.28E+27
1.862607615	9.30E+27
1.869662946	9.31E+27
1.876718278	9.33E+27
1.88377361	9.35E+27
1.890828942	9.37E+27
1.897884274	9.38E+27
1.904939606	9.40E+27
1.911994938	9.42E+27
1.91905027	9.44E+27
1.926105601	9.45E+27
1.933160933	9.47E+27
1.940216265	9.49E+27
1.947271597	9.51E+27
1.954326929	9.52E+27
1.961382261	9.54E+27
1.968437593	9.56E+27
1.975492925	9.57E+27
1.982548256	9.59E+27
1.989603588	9.61E+27
1.99665892	9.63E+27
2.003714252	9.64E+27
2.010769584	9.66E+27
2.017824916	9.68E+27
2.024880248	9.69E+27
2.03193558	9.71E+27
2.038990911	9.73E+27
2.046046243	9.74E+27
2.053101575	9.76E+27
2.060156907	9.78E+27
2.067212239	9.79E+27
2.074267571	9.81E+27
2.081322903	9.83E+27
2.088378235	9.84E+27
2.095433566	9.86E+27
2.102488898	9.88E+27
2.10954423	9.89E+27
2.116599562	9.91E+27
2.123654894	9.93E+27
2.130710226	9.94E+27
2.137765558	9.96E+27
2.14482089	9.98E+27
2.151876221	9.99E+27
2.158931553	1.00E+28
2.165986885	1.00E+28
2.173042217	1.00E+28
2.180097549	1.01E+28
2.187152881	1.01E+28
2.194208213	1.01E+28
2.201263545	1.01E+28
2.208318876	1.01E+28
2.215374208	1.01E+28
2.22242954	1.02E+28
2.229484872	1.02E+28
2.236540204	1.02E+28
2.243595536	1.02E+28
2.250650868	1.02E+28
2.2577062	1.02E+28
2.264761531	1.03E+28
2.271816863	1.03E+28
2.278872195	1.03E+28
2.285927527	1.03E+28
2.292982859	1.03E+28
2.300038191	1.03E+28
2.307093523	1.03E+28
2.314148855	1.04E+28
2.321204186	1.04E+28
2.328259518	1.04E+28
2.33531485	1.04E+28
2.342370182	1.04E+28
2.349425514	1.04E+28
2.356480846	1.05E+28
2.363536178	1.05E+28
2.370591509	1.05E+28
2.377646841	1.05E+28
2.384702173	1.05E+28
2.391757505	1.05E+28
2.398812837	1.06E+28
2.405868169	1.06E+28
2.412923501	1.06E+28
2.419978833	1.06E+28
2.427034164	1.06E+28
2.434089496	1.06E+28
2.441144828	1.06E+28
2.44820016	1.07E+28
2.455255492	1.07E+28
2.462310824	1.07E+28
2.469366156	1.07E+28
2.476421488	1.07E+28
2.483476819	1.07E+28
2.490532151	1.08E+28
2.497587483	1.08E+28
2.504642815	1.08E+28
2.511698147	1.08E+28
2.518753479	1.08E+28
2.525808811	1.08E+28
2.532864143	1.08E+28
2.539919474	1.09E+28
2.546974806	1.09E+28
2.554030138	1.09E+28
2.56108547	1.09E+28
2.568140802	1.09E+28
2.575196134	1.09E+28
2.582251466	1.09E+28
2.589306798	1.10E+28
2.596362129	1.10E+28
2.603417461	1.10E+28
2.610472793	1.10E+28
2.617528125	1.10E+28
2.624583457	1.10E+28
2.631638789	1.11E+28
2.638694121	1.11E+28
2.645749453	1.11E+28
2.652804784	1.11E+28
2.659860116	1.11E+28
2.666915448	1.11E+28
2.67397078	1.11E+28
2.681026112	1.12E+28
2.688081444	1.12E+28
2.695136776	1.12E+28
2.702192108	1.12E+28
2.709247439	1.12E+28
2.716302771	1.12E+28
2.723358103	1.12E+28
2.730413435	1.13E+28
2.737468767	1.13E+28
2.744524099	1.13E+28
2.751579431	1.13E+28
2.758634763	1.13E+28
2.765690094	1.13E+28
2.772745426	1.13E+28
2.779800758	1.14E+28
2.78685609	1.14E+28
2.793911422	1.14E+28
2.800966754	1.14E+28
2.808022086	1.14E+28
2.815077418	1.14E+28
2.822132749	1.14E+28
2.829188081	1.15E+28
2.836243413	1.15E+28
2.843298745	1.15E+28
2.850354077	1.15E+28
2.857409409	1.15E+28
2.864464741	1.15E+28
2.871520073	1.15E+28
2.878575404	1.16E+28
2.885630736	1.16E+28
2.892686068	1.16E+28
2.8997414	1.16E+28
2.906796732	1.16E+28
2.913852064	1.16E+28
2.920907396	1.16E+28
2.927962727	1.17E+28
2.935018059	1.17E+28
2.942073391	1.17E+28
2.949128723	1.17E+28
2.956184055	1.17E+28
2.963239387	1.17E+28
2.970294719	1.17E+28
2.977350051	1.18E+28
2.984405382	1.18E+28
2.991460714	1.18E+28
2.998516046	1.18E+28
3.005571378	1.18E+28
3.01262671	1.18E+28
3.019682042	1.18E+28
3.026737374	1.19E+28
3.033792706	1.19E+28
3.040848037	1.19E+28
3.047903369	1.19E+28
3.054958701	1.19E+28
3.062014033	1.19E+28
3.069069365	1.19E+28
3.076124697	1.19E+28
3.083180029	1.20E+28
3.090235361	1.20E+28
3.097290692	1.20E+28
3.104346024	1.20E+28
3.111401356	1.20E+28
3.118456688	1.20E+28
3.12551202	1.20E+28
3.132567352	1.21E+28
3.139622684	1.21E+28
3.146678016	1.21E+28
3.153733347	1.21E+28
3.160788679	1.21E+28
3.167844011	1.21E+28
3.174899343	1.21E+28
3.181954675	1.22E+28
3.189010007	1.22E+28
3.196065339	1.22E+28
3.203120671	1.22E+28
3.210176002	1.22E+28
3.217231334	1.22E+28
3.224286666	1.22E+28
3.231341998	1.22E+28
3.23839733	1.23E+28
3.245452662	1.23E+28
3.252507994	1.23E+28
3.259563326	1.23E+28
3.266618657	1.23E+28
3.273673989	1.23E+28
3.280729321	1.23E+28
3.287784653	1.24E+28
3.294839985	1.24E+28
3.301895317	1.24E+28
3.308950649	1.24E+28
3.316005981	1.24E+28
3.323061312	1.24E+28
3.330116644	1.24E+28
3.337171976	1.24E+28
3.344227308	1.25E+28
3.35128264	1.25E+28
3.358337972	1.25E+28
3.365393304	1.25E+28
3.372448636	1.25E+28
3.379503967	1.25E+28
3.386559299	1.25E+28
3.393614631	1.25E+28
3.400669963	1.26E+28
3.407725295	1.26E+28
3.414780627	1.26E+28
3.421835959	1.26E+28
3.428891291	1.26E+28
3.435946622	1.26E+28
3.443001954	1.26E+28
3.450057286	1.27E+28
3.457112618	1.27E+28
3.46416795	1.27E+28
3.471223282	1.27E+28
3.478278614	1.27E+28
3.485333945	1.27E+28
3.492389277	1.27E+28
3.499444609	1.27E+28
3.506499941	1.28E+28
3.513555273	1.28E+28
3.520610605	1.28E+28
3.527665937	1.28E+28
3.534721269	1.28E+28
3.5417766	1.28E+28
3.548831932	1.28E+28
3.555887264	1.28E+28
3.562942596	1.29E+28
3.569997928	1.29E+28
3.57705326	1.29E+28
3.584108592	1.29E+28
3.591163924	1.29E+28
3.598219255	1.29E+28
3.605274587	1.29E+28
3.612329919	1.29E+28
3.619385251	1.30E+28
3.626440583	1.30E+28
3.633495915	1.30E+28
3.640551247	1.30E+28
3.647606579	1.30E+28
3.65466191	1.30E+28
3.661717242	1.30E+28
3.668772574	1.30E+28
3.675827906	1.31E+28
3.682883238	1.31E+28
3.68993857	1.31E+28
3.696993902	1.31E+28
3.704049234	1.31E+28
3.711104565	1.31E+28
3.718159897	1.31E+28
3.725215229	1.31E+28
3.732270561	1.32E+28
3.739325893	1.32E+28
3.746381225	1.32E+28
3.753436557	1.32E+28
3.760491889	1.32E+28
3.76754722	1.32E+28
3.774602552	1.32E+28
3.781657884	1.32E+28
3.788713216	1.33E+28
3.795768548	1.33E+28
3.80282388	1.33E+28
3.809879212	1.33E+28
3.816934544	1.33E+28
3.823989875	1.33E+28
3.831045207	1.33E+28
3.838100539	1.33E+28
3.845155871	1.34E+28
3.852211203	1.34E+28
3.859266535	1.34E+28
3.866321867	1.34E+28
3.873377199	1.34E+28
3.88043253	1.34E+28
3.887487862	1.34E+28
3.894543194	1.34E+28
3.901598526	1.35E+28
3.908653858	1.35E+28
3.91570919	1.35E+28
3.922764522	1.35E+28
3.929819854	1.35E+28
3.936875185	1.35E+28
3.943930517	1.35E+28
3.950985849	1.35E+28
3.958041181	1.36E+28
3.965096513	1.36E+28
3.972151845	1.36E+28
3.979207177	1.36E+28
3.986262509	1.36E+28
3.99331784	1.36E+28
4.000373172	1.36E+28
4.007428504	1.36E+28
4.014483836	1.36E+28
4.021539168	1.37E+28
4.0285945	1.37E+28
4.035649832	1.37E+28
4.042705164	1.37E+28
4.049760495	1.37E+28
4.056815827	1.37E+28
4.063871159	1.37E+28
4.070926491	1.37E+28
4.077981823	1.38E+28
4.085037155	1.38E+28
4.092092487	1.38E+28
4.099147818	1.38E+28
4.10620315	1.38E+28
4.113258482	1.38E+28
4.120313814	1.38E+28
4.127369146	1.38E+28
4.134424478	1.39E+28
4.14147981	1.39E+28
4.148535142	1.39E+28
4.155590473	1.39E+28
4.162645805	1.39E+28
4.169701137	1.39E+28
4.176756469	1.39E+28
4.183811801	1.39E+28
4.190867133	1.39E+28
4.197922465	1.40E+28
4.204977797	1.40E+28
4.212033128	1.40E+28
4.21908846	1.40E+28
4.226143792	1.40E+28
4.233199124	1.40E+28
4.240254456	1.40E+28
4.247309788	1.40E+28
4.25436512	1.41E+28
4.261420452	1.41E+28
4.268475783	1.41E+28
4.275531115	1.41E+28
4.282586447	1.41E+28
4.289641779	1.41E+28
4.296697111	1.41E+28
4.303752443	1.41E+28
4.310807775	1.41E+28
4.317863107	1.42E+28
4.324918438	1.42E+28
4.33197377	1.42E+28
4.339029102	1.42E+28
4.346084434	1.42E+28
4.353139766	1.42E+28
4.360195098	1.42E+28
4.36725043	1.42E+28
4.374305762	1.42E+28
4.381361093	1.43E+28
4.388416425	1.43E+28
4.395471757	1.43E+28
4.402527089	1.43E+28
4.409582421	1.43E+28
4.416637753	1.43E+28
4.423693085	1.43E+28
4.430748417	1.43E+28
4.437803748	1.44E+28
4.44485908	1.44E+28
4.451914412	1.44E+28
4.458969744	1.44E+28
4.466025076	1.44E+28
4.473080408	1.44E+28
4.48013574	1.44E+28
4.487191072	1.44E+28
4.494246403	1.44E+28
4.501301735	1.45E+28
4.508357067	1.45E+28
4.515412399	1.45E+28
4.522467731	1.45E+28
4.529523063	1.45E+28
4.536578395	1.45E+28
4.543633727	1.45E+28
4.550689058	1.45E+28
4.55774439	1.45E+28
4.564799722	1.46E+28
4.571855054	1.46E+28
4.578910386	1.46E+28
4.585965718	1.46E+28
4.59302105	1.46E+28
4.600076382	1.46E+28
4.607131713	1.46E+28
4.614187045	1.46E+28
4.621242377	1.46E+28
4.628297709	1.47E+28
4.635353041	1.47E+28
4.642408373	1.47E+28
4.649463705	1.47E+28
4.656519036	1.47E+28
4.663574368	1.47E+28
4.6706297	1.47E+28
4.677685032	1.47E+28
4.684740364	1.47E+28
4.691795696	1.48E+28
4.698851028	1.48E+28
4.70590636	1.48E+28
4.712961691	1.48E+28
4.720017023	1.48E+28
4.727072355	1.48E+28
4.734127687	1.48E+28
4.741183019	1.48E+28
4.748238351	1.48E+28
4.755293683	1.49E+28
4.762349015	1.49E+28
4.769404346	1.49E+28
4.776459678	1.49E+28
4.78351501	1.49E+28
4.790570342	1.49E+28
4.797625674	1.49E+28
4.804681006	1.49E+28
4.811736338	1.49E+28
4.81879167	1.50E+28
4.825847001	1.50E+28
4.832902333	1.50E+28
4.839957665	1.50E+28
4.847012997	1.50E+28
4.854068329	1.50E+28
4.861123661	1.50E+28
4.868178993	1.50E+28
4.875234325	1.50E+28
4.882289656	1.51E+28
4.889344988	1.51E+28
4.89640032	1.51E+28
4.903455652	1.51E+28
4.910510984	1.51E+28
4.917566316	1.51E+28
4.924621648	1.51E+28
4.93167698	1.51E+28
4.938732311	1.51E+28
4.945787643	1.51E+28
4.952842975	1.52E+28
4.959898307	1.52E+28
4.966953639	1.52E+28
4.974008971	1.52E+28
4.981064303	1.52E+28
4.988119635	1.52E+28
4.995174966	1.52E+28
5.002230298	1.52E+28
5.00928563	1.52E+28
5.016340962	1.53E+28
5.023396294	1.53E+28
5.030451626	1.53E+28
5.037506958	1.53E+28
5.04456229	1.53E+28
5.051617621	1.53E+28
5.058672953	1.53E+28
5.065728285	1.53E+28
5.072783617	1.53E+28
5.079838949	1.54E+28
5.086894281	1.54E+28
5.093949613	1.54E+28
5.101004945	1.54E+28
5.108060276	1.54E+28
5.115115608	1.54E+28
5.12217094	1.54E+28
5.129226272	1.54E+28
5.136281604	1.54E+28
5.143336936	1.54E+28
5.150392268	1.55E+28
5.1574476	1.55E+28
5.164502931	1.55E+28
5.171558263	1.55E+28
5.178613595	1.55E+28
5.185668927	1.55E+28
5.192724259	1.55E+28
5.199779591	1.55E+28
5.206834923	1.55E+28
5.213890255	1.56E+28
5.220945586	1.56E+28
5.228000918	1.56E+28
5.23505625	1.56E+28
5.242111582	1.56E+28
5.249166914	1.56E+28
5.256222246	1.56E+28
5.263277578	1.56E+28
5.270332909	1.56E+28
5.277388241	1.56E+28
5.284443573	1.57E+28
5.291498905	1.57E+28
5.298554237	1.57E+28
5.305609569	1.57E+28
5.312664901	1.57E+28
5.319720233	1.57E+28
5.326775564	1.57E+28
5.333830896	1.57E+28
5.340886228	1.57E+28
5.34794156	1.58E+28
5.354996892	1.58E+28
5.362052224	1.58E+28
5.369107556	1.58E+28
5.376162888	1.58E+28
5.383218219	1.58E+28
5.390273551	1.58E+28
5.397328883	1.58E+28
5.404384215	1.58E+28
5.411439547	1.58E+28
5.418494879	1.59E+28
5.425550211	1.59E+28
5.432605543	1.59E+28
5.439660874	1.59E+28
5.446716206	1.59E+28
5.453771538	1.59E+28
5.46082687	1.59E+28
5.467882202	1.59E+28
5.474937534	1.59E+28
5.481992866	1.59E+28
5.489048198	1.60E+28
5.496103529	1.60E+28
5.503158861	1.60E+28
5.510214193	1.60E+28
5.517269525	1.60E+28
5.524324857	1.60E+28
5.531380189	1.60E+28
5.538435521	1.60E+28
5.545490853	1.60E+28
5.552546184	1.61E+28
5.559601516	1.61E+28
5.566656848	1.61E+28
5.57371218	1.61E+28
5.580767512	1.61E+28
5.587822844	1.61E+28
5.594878176	1.61E+28
5.601933508	1.61E+28
5.608988839	1.61E+28
5.616044171	1.61E+28
5.623099503	1.62E+28
5.630154835	1.62E+28
5.637210167	1.62E+28
5.644265499	1.62E+28
5.651320831	1.62E+28
5.658376163	1.62E+28
5.665431494	1.62E+28
5.672486826	1.62E+28
5.679542158	1.62E+28
5.68659749	1.62E+28
5.693652822	1.63E+28
5.700708154	1.63E+28
5.707763486	1.63E+28
5.714818818	1.63E+28
5.721874149	1.63E+28
5.728929481	1.63E+28
5.735984813	1.63E+28
5.743040145	1.63E+28
5.750095477	1.63E+28
5.757150809	1.63E+28
5.764206141	1.64E+28
5.771261473	1.64E+28
5.778316804	1.64E+28
5.785372136	1.64E+28
5.792427468	1.64E+28
5.7994828	1.64E+28
5.806538132	1.64E+28
5.813593464	1.64E+28
5.820648796	1.64E+28
5.827704127	1.64E+28
5.834759459	1.65E+28
5.841814791	1.65E+28
5.848870123	1.65E+28
5.855925455	1.65E+28
5.862980787	1.65E+28
5.870036119	1.65E+28
5.877091451	1.65E+28
5.884146782	1.65E+28
5.891202114	1.65E+28
5.898257446	1.65E+28
5.905312778	1.66E+28
5.91236811	1.66E+28
5.919423442	1.66E+28
5.926478774	1.66E+28
5.933534106	1.66E+28
5.940589437	1.66E+28
5.947644769	1.66E+28
5.954700101	1.66E+28
5.961755433	1.66E+28
5.968810765	1.66E+28
5.975866097	1.67E+28
5.982921429	1.67E+28
5.989976761	1.67E+28
5.997032092	1.67E+28
6.004087424	1.67E+28
6.011142756	1.67E+28
6.018198088	1.67E+28
6.02525342	1.67E+28
6.032308752	1.67E+28
6.039364084	1.67E+28
6.046419416	1.68E+28
6.053474747	1.68E+28
6.060530079	1.68E+28
6.067585411	1.68E+28
6.074640743	1.68E+28
6.081696075	1.68E+28
6.088751407	1.68E+28
6.095806739	1.68E+28
6.102862071	1.68E+28
6.109917402	1.68E+28
6.116972734	1.68E+28
6.124028066	1.69E+28
6.131083398	1.69E+28
6.13813873	1.69E+28
6.145194062	1.69E+28
6.152249394	1.69E+28
6.159304726	1.69E+28
6.166360057	1.69E+28
6.173415389	1.69E+28
6.180470721	1.69E+28
6.187526053	1.69E+28
6.194581385	1.70E+28
6.201636717	1.70E+28
6.208692049	1.70E+28
6.215747381	1.70E+28
6.222802712	1.70E+28
6.229858044	1.70E+28
6.236913376	1.70E+28
6.243968708	1.70E+28
6.25102404	1.70E+28
6.258079372	1.70E+28
6.265134704	1.71E+28
6.272190036	1.71E+28
6.279245367	1.71E+28
6.286300699	1.71E+28
6.293356031	1.71E+28
6.300411363	1.71E+28
6.307466695	1.71E+28
6.314522027	1.71E+28
6.321577359	1.71E+28
6.328632691	1.71E+28
6.335688022	1.71E+28
6.342743354	1.72E+28
6.349798686	1.72E+28
6.356854018	1.72E+28
6.36390935	1.72E+28
6.370964682	1.72E+28
6.378020014	1.72E+28
6.385075345	1.72E+28
6.392130677	1.72E+28
6.399186009	1.72E+28
6.406241341	1.72E+28
6.413296673	1.73E+28
6.420352005	1.73E+28
6.427407337	1.73E+28
6.434462669	1.73E+28
6.441518	1.73E+28
6.448573332	1.73E+28
6.455628664	1.73E+28
6.462683996	1.73E+28
6.469739328	1.73E+28
6.47679466	1.73E+28
6.483849992	1.73E+28
6.490905324	1.74E+28
6.497960655	1.74E+28
6.505015987	1.74E+28
6.512071319	1.74E+28
6.519126651	1.74E+28
6.526181983	1.74E+28
6.533237315	1.74E+28
6.540292647	1.74E+28
6.547347979	1.74E+28
6.55440331	1.74E+28
6.561458642	1.74E+28
6.568513974	1.75E+28
6.575569306	1.75E+28
6.582624638	1.75E+28
6.58967997	1.75E+28
6.596735302	1.75E+28
6.603790634	1.75E+28
6.610845965	1.75E+28
6.617901297	1.75E+28
6.624956629	1.75E+28
6.632011961	1.75E+28
6.639067293	1.76E+28
6.646122625	1.76E+28
6.653177957	1.76E+28
6.660233289	1.76E+28
6.66728862	1.76E+28
6.674343952	1.76E+28
6.681399284	1.76E+28
6.688454616	1.76E+28
6.695509948	1.76E+28
6.70256528	1.76E+28
6.709620612	1.76E+28
6.716675944	1.77E+28
6.723731275	1.77E+28
6.730786607	1.77E+28
6.737841939	1.77E+28
6.744897271	1.77E+28
6.751952603	1.77E+28
6.759007935	1.77E+28
6.766063267	1.77E+28
6.773118599	1.77E+28
6.78017393	1.77E+28
6.787229262	1.77E+28
6.794284594	1.78E+28
6.801339926	1.78E+28
6.808395258	1.78E+28
6.81545059	1.78E+28
6.822505922	1.78E+28
6.829561254	1.78E+28
6.836616585	1.78E+28
6.843671917	1.78E+28
6.850727249	1.78E+28
6.857782581	1.78E+28
6.864837913	1.78E+28
6.871893245	1.79E+28
6.878948577	1.79E+28
6.886003909	1.79E+28
6.89305924	1.79E+28
6.900114572	1.79E+28
6.907169904	1.79E+28
6.914225236	1.79E+28
6.921280568	1.79E+28
6.9283359	1.79E+28
6.935391232	1.79E+28
6.942446564	1.79E+28
6.949501895	1.80E+28
6.956557227	1.80E+28
6.963612559	1.80E+28
6.970667891	1.80E+28
6.977723223	1.80E+28
6.984778555	1.80E+28
6.991833887	1.80E+28
6.998889218	1.80E+28
7.00594455	1.80E+28
7.012999882	1.80E+28
7.020055214	1.80E+28
7.027110546	1.81E+28
7.034165878	1.81E+28
7.04122121	1.81E+28
